1000 1200 50
0 1 2
1 2 2
2 3 1
3 4 2
4 5 3
5 6 2
6 7 2
7 8 1
8 9 1
9 10 2
10 11 3
11 12 2
12 13 3
13 14 2
14 15 3
15 16 2
16 17 1
17 18 1
18 19 2
19 20 2
20 21 3
21 22 3
22 23 1
23 24 1
24 25 3
25 26 3
26 27 3
27 28 2
28 29 2
29 30 2
30 31 3
31 32 1
32 33 1
33 34 1
34 35 3
35 36 1
36 37 2
37 38 2
38 39 2
39 40 2
40 41 1
41 42 1
42 43 1
43 44 3
44 45 3
45 46 2
46 47 3
47 48 3
48 49 3
49 50 1
50 51 3
51 52 2
52 53 2
53 54 3
54 55 3
55 56 1
56 57 3
57 58 3
58 59 2
59 60 2
60 61 1
61 62 1
62 63 3
63 64 1
64 65 3
65 66 3
66 67 2
67 68 1
68 69 2
69 70 3
70 71 1
71 72 1
72 73 1
73 74 1
74 75 3
75 76 1
76 77 3
77 78 3
78 79 1
79 80 3
80 81 2
81 82 1
82 83 1
83 84 3
84 85 3
85 86 1
86 87 1
87 88 3
88 89 3
89 90 2
90 91 1
91 92 1
92 93 3
93 94 1
94 95 2
95 96 2
96 97 2
97 98 1
98 99 1
99 100 3
100 101 1
101 102 2
102 103 3
103 104 2
104 105 3
105 106 1
106 107 3
107 108 3
108 109 1
109 110 1
110 111 2
111 112 3
112 113 2
113 114 3
114 115 3
115 116 2
116 117 1
117 118 3
118 119 2
119 120 3
120 121 2
121 122 1
122 123 1
123 124 2
124 125 1
125 126 3
126 127 1
127 128 3
128 129 1
129 130 2
130 131 1
131 132 2
132 133 3
133 134 1
134 135 1
135 136 3
136 137 2
137 138 3
138 139 3
139 140 3
140 141 2
141 142 1
142 143 3
143 144 3
144 145 1
145 146 3
146 147 1
147 148 1
148 149 2
149 150 3
150 151 2
151 152 1
152 153 1
153 154 3
154 155 3
155 156 2
156 157 3
157 158 1
158 159 2
159 160 3
160 161 3
161 162 2
162 163 3
163 164 3
164 165 2
165 166 3
166 167 2
167 168 2
168 169 3
169 170 2
170 171 1
171 172 2
172 173 3
173 174 3
174 175 1
175 176 1
176 177 3
177 178 2
178 179 1
179 180 2
180 181 2
181 182 3
182 183 3
183 184 2
184 185 3
185 186 3
186 187 1
187 188 2
188 189 3
189 190 2
190 191 3
191 192 2
192 193 1
193 194 2
194 195 3
195 196 3
196 197 1
197 198 1
198 199 1
199 200 1
200 201 3
201 202 2
202 203 2
203 204 2
204 205 3
205 206 3
206 207 3
207 208 2
208 209 2
209 210 2
210 211 1
211 212 1
212 213 1
213 214 1
214 215 3
215 216 1
216 217 3
217 218 1
218 219 1
219 220 3
220 221 3
221 222 3
222 223 2
223 224 3
224 225 2
225 226 1
226 227 3
227 228 3
228 229 3
229 230 2
230 231 1
231 232 3
232 233 1
233 234 3
234 235 2
235 236 1
236 237 1
237 238 2
238 239 3
239 240 3
240 241 3
241 242 1
242 243 3
243 244 1
244 245 2
245 246 3
246 247 2
247 248 2
248 249 3
249 250 2
250 251 1
251 252 2
252 253 2
253 254 1
254 255 2
255 256 3
256 257 1
257 258 3
258 259 2
259 260 1
260 261 1
261 262 3
262 263 3
263 264 2
264 265 1
265 266 3
266 267 3
267 268 1
268 269 1
269 270 3
270 271 1
271 272 1
272 273 3
273 274 3
274 275 1
275 276 2
276 277 3
277 278 3
278 279 1
279 280 3
280 281 1
281 282 2
282 283 2
283 284 3
284 285 2
285 286 1
286 287 2
287 288 3
288 289 3
289 290 2
290 291 1
291 292 1
292 293 2
293 294 1
294 295 3
295 296 2
296 297 3
297 298 3
298 299 3
299 300 1
300 301 2
301 302 3
302 303 1
303 304 1
304 305 1
305 306 2
306 307 1
307 308 1
308 309 2
309 310 1
310 311 3
311 312 3
312 313 2
313 314 2
314 315 1
315 316 1
316 317 3
317 318 3
318 319 1
319 320 3
320 321 1
321 322 1
322 323 2
323 324 1
324 325 2
325 326 2
326 327 3
327 328 2
328 329 1
329 330 3
330 331 2
331 332 2
332 333 3
333 334 3
334 335 3
335 336 1
336 337 3
337 338 3
338 339 1
339 340 2
340 341 1
341 342 2
342 343 2
343 344 3
344 345 3
345 346 2
346 347 1
347 348 3
348 349 2
349 350 1
350 351 3
351 352 3
352 353 2
353 354 1
354 355 3
355 356 2
356 357 2
357 358 3
358 359 3
359 360 3
360 361 3
361 362 3
362 363 1
363 364 3
364 365 3
365 366 1
366 367 1
367 368 2
368 369 1
369 370 2
370 371 3
371 372 2
372 373 3
373 374 3
374 375 1
375 376 3
376 377 1
377 378 2
378 379 2
379 380 2
380 381 3
381 382 2
382 383 2
383 384 2
384 385 3
385 386 2
386 387 3
387 388 2
388 389 2
389 390 3
390 391 1
391 392 1
392 393 2
393 394 2
394 395 2
395 396 3
396 397 3
397 398 2
398 399 1
399 400 1
400 401 1
401 402 2
402 403 2
403 404 1
404 405 1
405 406 1
406 407 1
407 408 1
408 409 2
409 410 3
410 411 1
411 412 2
412 413 2
413 414 3
414 415 1
415 416 1
416 417 2
417 418 1
418 419 3
419 420 1
420 421 3
421 422 1
422 423 1
423 424 3
424 425 3
425 426 2
426 427 2
427 428 2
428 429 1
429 430 3
430 431 3
431 432 2
432 433 1
433 434 1
434 435 3
435 436 2
436 437 2
437 438 3
438 439 1
439 440 1
440 441 2
441 442 1
442 443 3
443 444 1
444 445 1
445 446 3
446 447 3
447 448 2
448 449 3
449 450 3
450 451 2
451 452 3
452 453 3
453 454 1
454 455 2
455 456 2
456 457 3
457 458 3
458 459 1
459 460 1
460 461 3
461 462 3
462 463 3
463 464 1
464 465 2
465 466 3
466 467 3
467 468 3
468 469 2
469 470 3
470 471 1
471 472 1
472 473 1
473 474 3
474 475 2
475 476 1
476 477 3
477 478 2
478 479 3
479 480 2
480 481 1
481 482 2
482 483 2
483 484 3
484 485 3
485 486 1
486 487 3
487 488 2
488 489 1
489 490 3
490 491 3
491 492 1
492 493 1
493 494 2
494 495 1
495 496 3
496 497 1
497 498 1
498 499 3
499 500 3
500 501 3
501 502 1
502 503 1
503 504 1
504 505 1
505 506 3
506 507 1
507 508 1
508 509 1
509 510 1
510 511 3
511 512 1
512 513 3
513 514 1
514 515 1
515 516 2
516 517 2
517 518 3
518 519 3
519 520 3
520 521 1
521 522 3
522 523 3
523 524 2
524 525 2
525 526 1
526 527 1
527 528 1
528 529 2
529 530 3
530 531 1
531 532 2
532 533 1
533 534 2
534 535 3
535 536 2
536 537 1
537 538 1
538 539 3
539 540 2
540 541 2
541 542 2
542 543 3
543 544 2
544 545 1
545 546 2
546 547 3
547 548 3
548 549 1
549 550 1
550 551 3
551 552 2
552 553 1
553 554 3
554 555 3
555 556 3
556 557 3
557 558 1
558 559 1
559 560 2
560 561 2
561 562 2
562 563 2
563 564 2
564 565 3
565 566 1
566 567 1
567 568 2
568 569 2
569 570 3
570 571 1
571 572 2
572 573 3
573 574 1
574 575 3
575 576 1
576 577 2
577 578 3
578 579 3
579 580 3
580 581 1
581 582 2
582 583 2
583 584 1
584 585 1
585 586 2
586 587 1
587 588 1
588 589 1
589 590 2
590 591 3
591 592 2
592 593 3
593 594 1
594 595 1
595 596 3
596 597 2
597 598 2
598 599 1
599 600 1
600 601 2
601 602 2
602 603 2
603 604 2
604 605 3
605 606 2
606 607 2
607 608 2
608 609 2
609 610 2
610 611 1
611 612 2
612 613 1
613 614 3
614 615 3
615 616 2
616 617 3
617 618 1
618 619 3
619 620 3
620 621 2
621 622 3
622 623 2
623 624 2
624 625 1
625 626 2
626 627 3
627 628 3
628 629 1
629 630 3
630 631 3
631 632 3
632 633 2
633 634 2
634 635 2
635 636 2
636 637 1
637 638 1
638 639 3
639 640 2
640 641 3
641 642 2
642 643 1
643 644 1
644 645 1
645 646 1
646 647 2
647 648 1
648 649 1
649 650 2
650 651 3
651 652 1
652 653 1
653 654 1
654 655 3
655 656 2
656 657 1
657 658 2
658 659 1
659 660 1
660 661 3
661 662 2
662 663 3
663 664 2
664 665 1
665 666 3
666 667 1
667 668 1
668 669 3
669 670 1
670 671 3
671 672 3
672 673 2
673 674 1
674 675 3
675 676 1
676 677 2
677 678 2
678 679 1
679 680 3
680 681 1
681 682 2
682 683 3
683 684 2
684 685 3
685 686 3
686 687 1
687 688 3
688 689 2
689 690 2
690 691 1
691 692 1
692 693 3
693 694 1
694 695 3
695 696 1
696 697 3
697 698 3
698 699 1
699 700 3
700 701 3
701 702 1
702 703 3
703 704 3
704 705 1
705 706 3
706 707 3
707 708 3
708 709 2
709 710 1
710 711 2
711 712 3
712 713 2
713 714 3
714 715 1
715 716 2
716 717 3
717 718 1
718 719 2
719 720 1
720 721 3
721 722 3
722 723 2
723 724 3
724 725 1
725 726 1
726 727 3
727 728 1
728 729 1
729 730 1
730 731 2
731 732 1
732 733 1
733 734 2
734 735 3
735 736 2
736 737 1
737 738 3
738 739 1
739 740 3
740 741 1
741 742 3
742 743 2
743 744 3
744 745 2
745 746 3
746 747 2
747 748 1
748 749 1
749 750 1
750 751 2
751 752 1
752 753 3
753 754 3
754 755 1
755 756 1
756 757 1
757 758 1
758 759 3
759 760 2
760 761 2
761 762 1
762 763 3
763 764 3
764 765 2
765 766 3
766 767 1
767 768 2
768 769 1
769 770 3
770 771 2
771 772 2
772 773 3
773 774 3
774 775 1
775 776 1
776 777 2
777 778 3
778 779 2
779 780 1
780 781 1
781 782 3
782 783 1
783 784 1
784 785 1
785 786 2
786 787 2
787 788 1
788 789 3
789 790 1
790 791 3
791 792 2
792 793 2
793 794 3
794 795 1
795 796 1
796 797 3
797 798 2
798 799 2
799 800 3
800 801 2
801 802 1
802 803 1
803 804 1
804 805 1
805 806 3
806 807 1
807 808 1
808 809 2
809 810 3
810 811 1
811 812 2
812 813 3
813 814 2
814 815 2
815 816 3
816 817 3
817 818 1
818 819 1
819 820 3
820 821 2
821 822 1
822 823 1
823 824 1
824 825 1
825 826 2
826 827 1
827 828 1
828 829 1
829 830 3
830 831 1
831 832 3
832 833 1
833 834 3
834 835 3
835 836 1
836 837 2
837 838 2
838 839 2
839 840 1
840 841 1
841 842 2
842 843 3
843 844 1
844 845 3
845 846 2
846 847 1
847 848 3
848 849 1
849 850 2
850 851 3
851 852 2
852 853 2
853 854 3
854 855 3
855 856 3
856 857 2
857 858 1
858 859 1
859 860 2
860 861 3
861 862 2
862 863 1
863 864 1
864 865 1
865 866 1
866 867 3
867 868 3
868 869 2
869 870 1
870 871 3
871 872 3
872 873 3
873 874 3
874 875 1
875 876 3
876 877 2
877 878 1
878 879 2
879 880 2
880 881 2
881 882 1
882 883 1
883 884 2
884 885 1
885 886 1
886 887 2
887 888 2
888 889 2
889 890 3
890 891 1
891 892 2
892 893 1
893 894 2
894 895 1
895 896 2
896 897 2
897 898 3
898 899 2
899 900 1
900 901 1
901 902 3
902 903 1
903 904 1
904 905 2
905 906 2
906 907 1
907 908 1
908 909 2
909 910 2
910 911 3
911 912 2
912 913 1
913 914 1
914 915 1
915 916 2
916 917 2
917 918 2
918 919 1
919 920 1
920 921 1
921 922 2
922 923 3
923 924 1
924 925 3
925 926 1
926 927 3
927 928 3
928 929 3
929 930 2
930 931 1
931 932 1
932 933 1
933 934 2
934 935 2
935 936 3
936 937 3
937 938 2
938 939 1
939 940 3
940 941 1
941 942 3
942 943 1
943 944 2
944 945 1
945 946 1
946 947 1
947 948 1
948 949 3
949 950 2
950 951 1
951 952 1
952 953 3
953 954 1
954 955 1
955 956 3
956 957 1
957 958 2
958 959 3
959 960 1
960 961 1
961 962 1
962 963 2
963 964 2
964 965 2
965 966 3
966 967 1
967 968 3
968 969 1
969 970 2
970 971 2
971 972 2
972 973 3
973 974 2
974 975 1
975 976 3
976 977 3
977 978 1
978 979 1
979 980 3
980 981 2
981 982 2
982 983 3
983 984 2
984 985 3
985 986 3
986 987 2
987 988 1
988 989 2
989 990 2
990 991 1
991 992 2
992 993 3
993 994 3
994 995 3
995 996 2
996 997 2
997 998 2
998 999 1
421 693 5
439 334 2
159 985 8
354 761 3
972 541 7
852 850 3
482 399 8
154 173 6
506 851 5
790 263 2
172 37 8
859 828 2
280 987 7
590 341 1
352 665 2
69 517 2
83 351 3
300 506 9
667 364 10
32 154 5
875 679 2
412 538 10
636 170 7
844 760 10
814 465 5
326 886 4
39 969 6
152 621 4
790 289 10
631 673 5
735 548 6
877 313 4
198 949 6
155 793 9
156 960 4
823 286 2
358 677 1
245 181 2
990 323 1
100 954 6
364 42 5
659 919 10
844 469 9
551 976 4
19 133 4
304 956 2
475 666 2
967 912 3
729 902 9
131 2 5
207 718 7
183 377 8
472 573 8
62 125 4
797 496 9
141 153 7
474 980 4
485 948 6
30 29 10
898 160 3
424 719 1
641 902 1
480 726 4
789 140 9
723 938 8
493 431 1
220 905 1
613 391 9
270 421 8
829 671 1
743 95 10
24 88 5
386 569 3
969 710 4
30 433 4
587 279 5
649 499 2
339 464 3
330 86 6
349 915 7
881 11 5
133 387 3
287 773 4
519 742 5
244 124 10
259 63 9
353 712 10
705 404 4
799 734 10
315 435 8
853 669 1
487 802 8
562 89 1
205 960 5
911 557 10
403 816 3
821 522 6
443 579 2
528 378 8
700 45 3
787 899 2
589 386 4
426 948 5
36 506 8
92 417 5
921 820 1
166 994 5
123 437 4
484 317 3
931 17 10
165 156 9
69 745 6
422 171 6
569 559 2
676 652 2
340 925 4
172 91 10
527 566 9
812 50 7
124 333 4
186 499 1
794 568 6
141 342 10
437 263 9
590 939 3
513 631 9
257 804 2
346 683 9
225 495 1
421 972 7
634 158 6
356 952 6
472 446 10
111 883 4
661 825 3
216 339 5
344 596 1
267 294 4
757 519 1
650 292 3
876 279 1
953 635 6
598 107 2
937 570 7
540 584 2
83 800 3
609 496 1
939 763 6
304 873 7
164 523 2
349 751 1
339 704 6
986 302 6
79 591 8
407 484 2
561 919 2
53 528 8
494 819 4
581 123 9
187 639 4
438 988 5
320 680 9
486 18 3
463 98 6
10 505 10
142 66 9
425 472 9
853 966 8
748 547 3
516 86 3
159 877 1
553 197 3
3 35 2
107 498 10
154 861 7
334 3 6
784 428 8
763 633 6
560 381 5
185 897 1
97 408 10
349 313 10
634 316 5
585 775 6
986 930 7
892 616 10
569 752 10
366 515 6
833 428 7
847 613 7
300 62 7
629 763 1
508 397 7
775 982 5
540 320 7
518 565 5
499 134 7
908 853 3
303 686 3
432 534 8
810 834 10
